3.157400000000000162e+01
1.182840000000000060e+02
2.582160000000000082e+02
2.491779999999999973e+02
1.135240000000000009e+02
6.402400000000000091e+01
4.954294399999999996e+02
1.557399999999999984e+01
1.142840000000000060e+02
2.212160000000000082e+02
2.761779999999999973e+02
1.105240000000000009e+02
9.602400000000000091e+01
5.095464400000000182e+02
3.573999999999999844e+00
1.012840000000000060e+02
1.652160000000000082e+02
3.271779999999999973e+02
9.952400000000000091e+01
1.470240000000000009e+02
4.907104400000000055e+02
-4.259999999999999343e-01
8.328400000000000603e+01
9.721599999999999397e+01
3.611779999999999973e+02
8.552400000000000091e+01
1.910240000000000009e+02
4.801244399999999928e+02
-5.426000000000000156e+00
6.928400000000000603e+01
4.621600000000000108e+01
3.761779999999999973e+02
7.952400000000000091e+01
2.230240000000000009e+02
4.783094399999999951e+02
-1.425999999999999934e+00
6.028399999999999892e+01
3.421600000000000108e+01
3.591779999999999973e+02
8.452400000000000091e+01
2.490240000000000009e+02
4.689314400000000091e+02
2.573999999999999844e+00
5.328399999999999892e+01
1.921600000000000108e+01
3.361779999999999973e+02
9.152400000000000091e+01
2.680240000000000009e+02
4.435834399999999960e+02
5.740000000000000657e-01
4.028399999999999892e+01
6.216000000000000192e+00
3.151779999999999973e+02
9.152400000000000091e+01
2.880240000000000009e+02
4.384214400000000182e+02
-1.425999999999999934e+00
4.328399999999999892e+01
3.121600000000000108e+01
2.681779999999999973e+02
1.095240000000000009e+02
2.620240000000000009e+02
4.176364399999999932e+02
-3.426000000000000156e+00
4.728399999999999892e+01
6.421599999999999397e+01
2.431779999999999973e+02
1.315240000000000009e+02
2.460240000000000009e+02
4.250904400000000010e+02
3.573999999999999844e+00
4.728399999999999892e+01
7.821599999999999397e+01
2.371779999999999973e+02
1.475240000000000009e+02
2.460240000000000009e+02
4.288734400000000164e+02
-2.426000000000000156e+00
5.028399999999999892e+01
1.232159999999999940e+02
2.161779999999999973e+02
1.705240000000000009e+02
2.190240000000000009e+02
4.547064399999999864e+02
-2.426000000000000156e+00
5.628399999999999892e+01
1.992160000000000082e+02
1.631779999999999973e+02
1.955240000000000009e+02
1.320240000000000009e+02
4.425194399999999746e+02
-4.426000000000000156e+00
5.428399999999999892e+01
2.202160000000000082e+02
1.641779999999999973e+02
2.055240000000000009e+02
1.280240000000000009e+02
4.637434400000000210e+02
2.573999999999999844e+00
6.228399999999999892e+01
2.582160000000000082e+02
1.601779999999999973e+02
2.155240000000000009e+02
1.170240000000000009e+02
4.721864400000000046e+02
-1.425999999999999934e+00
7.128400000000000603e+01
2.892160000000000082e+02
1.441779999999999973e+02
1.905240000000000009e+02
7.002400000000000091e+01
4.431954400000000192e+02
4.573999999999999844e+00
8.128400000000000603e+01
3.162160000000000082e+02
1.461779999999999973e+02
1.745240000000000009e+02
4.602400000000000091e+01
4.640174400000000219e+02
1.457399999999999984e+01
8.828400000000000603e+01
3.212160000000000082e+02
1.581779999999999973e+02
1.635240000000000009e+02
4.702400000000000091e+01
4.729534400000000005e+02
2.457400000000000162e+01
1.012840000000000060e+02
3.162160000000000082e+02
1.941779999999999973e+02
1.605240000000000009e+02
6.102400000000000091e+01
5.019064399999999750e+02
2.657400000000000162e+01
1.022840000000000060e+02
3.162160000000000082e+02
2.181779999999999973e+02
1.515240000000000009e+02
6.702400000000000091e+01
5.431164399999998977e+02
2.857400000000000162e+01
1.032840000000000060e+02
3.042160000000000082e+02
2.431779999999999973e+02
1.525240000000000009e+02
8.402400000000000091e+01
5.715334399999999277e+02
1.057399999999999984e+01
1.012840000000000060e+02
2.522160000000000082e+02
2.891779999999999973e+02
1.515240000000000009e+02
1.440240000000000009e+02
5.894574399999999059e+02
7.573999999999999844e+00
9.928400000000000603e+01
2.452160000000000082e+02
3.061779999999999973e+02
1.595240000000000009e+02
1.710240000000000009e+02
5.964814399999999068e+02
3.573999999999999844e+00
9.628400000000000603e+01
2.472160000000000082e+02
3.131779999999999973e+02
1.625240000000000009e+02
1.780240000000000009e+02
6.169094399999999041e+02
6.573999999999999844e+00
9.428400000000000603e+01
2.592160000000000082e+02
3.111779999999999973e+02
1.715240000000000009e+02
1.740240000000000009e+02
6.341944399999999860e+02
1.257399999999999984e+01
9.628400000000000603e+01
2.742160000000000082e+02
3.181779999999999973e+02
1.675240000000000009e+02
1.730240000000000009e+02
6.596354399999999032e+02
8.573999999999999844e+00
9.928400000000000603e+01
2.752160000000000082e+02
3.351779999999999973e+02
1.845240000000000009e+02
2.100240000000000009e+02
6.940464399999999614e+02
-4.259999999999999343e-01
8.828400000000000603e+01
2.432160000000000082e+02
3.541779999999999973e+02
1.895240000000000009e+02
2.510240000000000009e+02
7.129294399999999996e+02
-4.259999999999999343e-01
7.428400000000000603e+01
2.262160000000000082e+02
3.601779999999999973e+02
1.955240000000000009e+02
2.760240000000000009e+02
7.300564399999999523e+02
-4.426000000000000156e+00
7.228400000000000603e+01
1.982160000000000082e+02
3.751779999999999973e+02
1.825240000000000009e+02
2.940240000000000009e+02
7.071254399999999123e+02
2.573999999999999844e+00
8.528400000000000603e+01
2.052160000000000082e+02
3.751779999999999973e+02
1.865240000000000009e+02
2.850240000000000009e+02
7.045104399999999032e+02
4.573999999999999844e+00
9.928400000000000603e+01
2.322160000000000082e+02
3.671779999999999973e+02
1.735240000000000009e+02
2.280240000000000009e+02
6.934684399999999869e+02
1.457399999999999984e+01
1.032840000000000060e+02
2.652160000000000082e+02
3.581779999999999973e+02
1.655240000000000009e+02
1.980240000000000009e+02
6.990714399999999387e+02
2.457400000000000162e+01
1.092840000000000060e+02
3.032160000000000082e+02
3.551779999999999973e+02
1.645240000000000009e+02
1.740240000000000009e+02
7.195494399999998905e+02
5.857399999999999807e+01
1.252840000000000060e+02
3.722160000000000082e+02
3.341779999999999973e+02
1.735240000000000009e+02
1.390240000000000009e+02
7.481624399999999468e+02
7.957399999999999807e+01
1.222840000000000060e+02
4.242160000000000082e+02
3.251779999999999973e+02
1.745240000000000009e+02
1.160240000000000009e+02
8.129784399999999778e+02
7.457399999999999807e+01
1.132840000000000060e+02
4.492160000000000082e+02
3.041779999999999973e+02
1.885240000000000009e+02
1.120240000000000009e+02
8.099824399999999969e+02
5.957399999999999807e+01
9.828400000000000603e+01
4.702160000000000082e+02
2.741779999999999973e+02
2.255240000000000009e+02
1.260240000000000009e+02
8.118574399999999969e+02
7.257399999999999807e+01
9.628400000000000603e+01
5.252160000000000082e+02
2.501779999999999973e+02
2.405240000000000009e+02
1.090240000000000009e+02
8.211164399999998977e+02
4.557399999999999807e+01
8.028400000000000603e+01
5.142160000000000082e+02
2.271779999999999973e+02
2.665240000000000009e+02
1.160240000000000009e+02
8.099094399999999041e+02
1.957400000000000162e+01
7.328400000000000603e+01
4.722160000000000082e+02
2.371779999999999973e+02
2.945240000000000009e+02
1.700240000000000009e+02
8.212224399999998923e+02
1.257399999999999984e+01
7.428400000000000603e+01
4.472160000000000082e+02
2.351779999999999973e+02
2.875240000000000009e+02
1.710240000000000009e+02
7.742554399999999077e+02
3.573999999999999844e+00
7.328400000000000603e+01
4.162160000000000082e+02
2.351779999999999973e+02
3.005240000000000009e+02
1.910240000000000009e+02
7.537334399999999732e+02
1.574000000000000066e+00
6.628400000000000603e+01
3.472160000000000082e+02
2.631779999999999973e+02
2.945240000000000009e+02
2.440240000000000009e+02
7.718304399999999532e+02
-4.259999999999999343e-01
7.928400000000000603e+01
3.152160000000000082e+02
3.191779999999999973e+02
2.615240000000000009e+02
2.680240000000000009e+02
8.004334399999999050e+02
4.573999999999999844e+00
9.428400000000000603e+01
2.972160000000000082e+02
3.691779999999999973e+02
2.395240000000000009e+02
2.790240000000000009e+02
8.172824399999999514e+02
8.573999999999999844e+00
1.022840000000000060e+02
2.922160000000000082e+02
4.191779999999999973e+02
2.335240000000000009e+02
3.060240000000000009e+02
8.604764399999999114e+02
1.357399999999999984e+01
1.022840000000000060e+02
2.912160000000000082e+02
4.151779999999999973e+02
2.155240000000000009e+02
2.800240000000000009e+02
8.435454399999999850e+02
2.957400000000000162e+01
1.102840000000000060e+02
3.502160000000000082e+02
3.861779999999999973e+02
2.085240000000000009e+02
2.200240000000000009e+02
8.427024399999999105e+02
6.057399999999999807e+01
1.142840000000000060e+02
4.192160000000000082e+02
3.441779999999999973e+02
1.995240000000000009e+02
1.570240000000000009e+02
8.244434399999998959e+02
8.657399999999999807e+01
1.142840000000000060e+02
4.912160000000000082e+02
3.121779999999999973e+02
2.165240000000000009e+02
1.310240000000000009e+02
8.606474399999999605e+02
8.757399999999999807e+01
1.122840000000000060e+02
4.992160000000000082e+02
2.971779999999999973e+02
2.195240000000000009e+02
1.200240000000000009e+02
8.579894399999999450e+02
8.257399999999999807e+01
1.122840000000000060e+02
4.842160000000000082e+02
3.081779999999999973e+02
2.125240000000000009e+02
1.220240000000000009e+02
8.523404399999999441e+02
9.357399999999999807e+01
1.152840000000000060e+02
4.962160000000000082e+02
3.141779999999999973e+02
2.015240000000000009e+02
1.110240000000000009e+02
8.603594399999999496e+02
1.155739999999999981e+02
1.302839999999999918e+02
4.962160000000000082e+02
3.281779999999999973e+02
1.865240000000000009e+02
9.602400000000000091e+01
8.516824399999999287e+02
1.325740000000000123e+02
1.372839999999999918e+02
4.872160000000000082e+02
3.351779999999999973e+02
1.645240000000000009e+02
7.802400000000000091e+01
8.520684399999998959e+02
1.465740000000000123e+02
1.422839999999999918e+02
4.892160000000000082e+02
3.241779999999999973e+02
1.475240000000000009e+02
6.002400000000000091e+01
8.459894399999999450e+02
1.425740000000000123e+02
1.432839999999999918e+02
4.862160000000000082e+02
3.331779999999999973e+02
1.495240000000000009e+02
6.902400000000000091e+01
8.497234399999999823e+02
1.425740000000000123e+02
1.502839999999999918e+02
4.642160000000000082e+02
3.501779999999999973e+02
1.485240000000000009e+02
8.002400000000000091e+01
8.361274399999999787e+02
1.375740000000000123e+02
1.432839999999999918e+02
4.682160000000000082e+02
3.391779999999999973e+02
1.465240000000000009e+02
7.602400000000000091e+01
8.340544399999999996e+02
1.265739999999999981e+02
1.302839999999999918e+02
4.872160000000000082e+02
3.341779999999999973e+02
1.675240000000000009e+02
8.602400000000000091e+01
8.611564399999999750e+02
9.957399999999999807e+01
1.152840000000000060e+02
4.942160000000000082e+02
3.271779999999999973e+02
1.955240000000000009e+02
1.120240000000000009e+02
8.734624399999999014e+02
8.457399999999999807e+01
1.142840000000000060e+02
4.512160000000000082e+02
3.361779999999999973e+02
2.055240000000000009e+02
1.420240000000000009e+02
8.303194399999999860e+02
6.857399999999999807e+01
1.092840000000000060e+02
4.332160000000000082e+02
3.351779999999999973e+02
2.025240000000000009e+02
1.460240000000000009e+02
8.237224399999998923e+02
5.857399999999999807e+01
1.062840000000000060e+02
4.192160000000000082e+02
3.311779999999999973e+02
2.045240000000000009e+02
1.520240000000000009e+02
8.093074399999999287e+02
6.457399999999999807e+01
1.032840000000000060e+02
4.342160000000000082e+02
3.101779999999999973e+02
2.065240000000000009e+02
1.390240000000000009e+02
7.820094399999999268e+02
4.857399999999999807e+01
9.428400000000000603e+01
4.362160000000000082e+02
2.871779999999999973e+02
2.275240000000000009e+02
1.440240000000000009e+02
7.709544399999999769e+02
4.357399999999999807e+01
9.028400000000000603e+01
4.572160000000000082e+02
2.881779999999999973e+02
2.455240000000000009e+02
1.580240000000000009e+02
8.211684399999999187e+02
4.557399999999999807e+01
9.428400000000000603e+01
4.402160000000000082e+02
2.871779999999999973e+02
2.265240000000000009e+02
1.410240000000000009e+02
7.837554399999999077e+02
7.157399999999999807e+01
1.102840000000000060e+02
4.622160000000000082e+02
2.951779999999999973e+02
2.035240000000000009e+02
1.120240000000000009e+02
7.825344399999999041e+02
9.657399999999999807e+01
1.192840000000000060e+02
4.642160000000000082e+02
3.111779999999999973e+02
1.845240000000000009e+02
9.002400000000000091e+01
7.868664399999998977e+02
1.095739999999999981e+02
1.272840000000000060e+02
4.512160000000000082e+02
3.171779999999999973e+02
1.595240000000000009e+02
7.702400000000000091e+01
7.768684399999999641e+02
1.085739999999999981e+02
1.272840000000000060e+02
4.022160000000000082e+02
2.781779999999999973e+02
1.375240000000000009e+02
5.102400000000000091e+01
6.545134399999999459e+02
1.085739999999999981e+02
1.292839999999999918e+02
3.722160000000000082e+02
2.711779999999999973e+02
1.215240000000000009e+02
3.702400000000000091e+01
6.098004399999999805e+02
1.135739999999999981e+02
1.392839999999999918e+02
3.342160000000000082e+02
2.771779999999999973e+02
1.105240000000000009e+02
3.202400000000000091e+01
5.859964399999998932e+02
1.125739999999999981e+02
1.422839999999999918e+02
3.202160000000000082e+02
2.751779999999999973e+02
9.852400000000000091e+01
2.802400000000000091e+01
5.714054399999999987e+02
1.155739999999999981e+02
1.382839999999999918e+02
3.102160000000000082e+02
2.691779999999999973e+02
9.152400000000000091e+01
2.602400000000000091e+01
5.673664399999998977e+02
1.215739999999999981e+02
1.452839999999999918e+02
2.942160000000000082e+02
2.781779999999999973e+02
8.552400000000000091e+01
2.902400000000000091e+01
5.597144399999999678e+02
1.365740000000000123e+02
1.502839999999999918e+02
3.032160000000000082e+02
2.671779999999999973e+02
8.252400000000000091e+01
1.302400000000000091e+01
5.615174399999999650e+02
1.325740000000000123e+02
1.462839999999999918e+02
2.872160000000000082e+02
2.511779999999999973e+02
7.052400000000000091e+01
5.024000000000000021e+00
5.329104399999999941e+02
1.385740000000000123e+02
1.452839999999999918e+02
2.822160000000000082e+02
2.371779999999999973e+02
6.652400000000000091e+01
-9.759999999999999787e-01
5.176214400000000069e+02
1.415740000000000123e+02
1.442839999999999918e+02
2.752160000000000082e+02
2.381779999999999973e+02
6.252400000000000091e+01
5.024000000000000021e+00
5.136224399999999832e+02
1.345740000000000123e+02
1.442839999999999918e+02
2.762160000000000082e+02
2.331779999999999973e+02
6.452400000000000091e+01
8.024000000000000909e+00
5.028024399999999901e+02
1.065739999999999981e+02
1.232840000000000060e+02
3.112160000000000082e+02
2.341779999999999973e+02
8.252400000000000091e+01
1.902400000000000091e+01
5.268364399999999250e+02
7.457399999999999807e+01
1.122840000000000060e+02
3.002160000000000082e+02
2.421779999999999973e+02
9.452400000000000091e+01
4.002400000000000091e+01
5.190874400000000151e+02
3.757399999999999807e+01
9.628400000000000603e+01
2.922160000000000082e+02
2.441779999999999973e+02
1.235240000000000009e+02
7.202400000000000091e+01
5.176094399999999496e+02
2.857400000000000162e+01
8.928400000000000603e+01
3.022160000000000082e+02
2.291779999999999973e+02
1.435240000000000009e+02
8.002400000000000091e+01
5.213714400000000069e+02
1.157399999999999984e+01
7.528400000000000603e+01
2.902160000000000082e+02
2.151779999999999973e+02
1.645240000000000009e+02
9.602400000000000091e+01
5.028034400000000232e+02
-4.259999999999999343e-01
6.428400000000000603e+01
2.512160000000000082e+02
2.111779999999999973e+02
1.835240000000000009e+02
1.380240000000000009e+02
5.079894400000000019e+02
4.573999999999999844e+00
5.828399999999999892e+01
2.402160000000000082e+02
2.261779999999999973e+02
2.145240000000000009e+02
1.900240000000000009e+02
5.492124399999999014e+02
5.740000000000000657e-01
4.928399999999999892e+01
2.082160000000000082e+02
2.391779999999999973e+02
2.165240000000000009e+02
2.280240000000000009e+02
5.599664399999999205e+02
-3.426000000000000156e+00
6.128399999999999892e+01
1.802160000000000082e+02
2.731779999999999973e+02
1.915240000000000009e+02
2.370240000000000009e+02
5.727044399999999769e+02
-1.425999999999999934e+00
7.228400000000000603e+01
1.712160000000000082e+02
3.151779999999999973e+02
1.635240000000000009e+02
2.360240000000000009e+02
5.885234399999999368e+02
-4.259999999999999343e-01
7.028400000000000603e+01
1.642160000000000082e+02
3.551779999999999973e+02
1.745240000000000009e+02
2.880240000000000009e+02
6.461414399999999887e+02
-4.259999999999999343e-01
6.728400000000000603e+01
1.502160000000000082e+02
3.911779999999999973e+02
1.735240000000000009e+02
3.350240000000000009e+02
7.023874399999999696e+02
-5.426000000000000156e+00
6.728400000000000603e+01
1.362160000000000082e+02
4.271779999999999973e+02
1.755240000000000009e+02
3.810240000000000009e+02
7.564414399999999432e+02
-4.259999999999999343e-01
5.728399999999999892e+01
1.122159999999999940e+02
4.451779999999999973e+02
1.675240000000000009e+02
4.190240000000000009e+02
7.620724399999999150e+02
5.740000000000000657e-01
6.728400000000000603e+01
1.322160000000000082e+02
4.181779999999999973e+02
1.805240000000000009e+02
3.860240000000000009e+02
7.311574399999999514e+02
-4.259999999999999343e-01
6.628400000000000603e+01
1.762160000000000082e+02
3.441779999999999973e+02
1.955240000000000009e+02
3.030240000000000009e+02
6.573914399999999887e+02
-2.426000000000000156e+00
7.528400000000000603e+01
2.852160000000000082e+02
2.591779999999999973e+02
2.315240000000000009e+02
1.980240000000000009e+02
6.511084399999999732e+02
1.574000000000000066e+00
7.328400000000000603e+01
3.462160000000000082e+02
2.181779999999999973e+02
2.435240000000000009e+02
1.530240000000000009e+02
6.409864399999999023e+02
7.573999999999999844e+00
7.628400000000000603e+01
3.692160000000000082e+02
2.031779999999999973e+02
2.525240000000000009e+02
1.350240000000000009e+02
6.164984399999999596e+02
7.573999999999999844e+00
7.128400000000000603e+01
3.862160000000000082e+02
1.831779999999999973e+02
2.495240000000000009e+02
1.120240000000000009e+02
6.124494399999999814e+02
4.573999999999999844e+00
6.928400000000000603e+01
3.862160000000000082e+02
1.861779999999999973e+02
2.545240000000000009e+02
1.250240000000000009e+02
6.343014399999999569e+02
1.457399999999999984e+01
6.828400000000000603e+01
4.462160000000000082e+02
1.691779999999999973e+02
2.675240000000000009e+02
1.050240000000000009e+02
6.692484399999999596e+02
3.557399999999999807e+01
7.728400000000000603e+01
5.212160000000000082e+02
1.581779999999999973e+02
2.705240000000000009e+02
7.502400000000000091e+01
6.938054399999999760e+02
3.657399999999999807e+01
7.928400000000000603e+01
4.552160000000000082e+02
1.481779999999999973e+02
2.235240000000000009e+02
4.102400000000000091e+01
5.753134399999999005e+02
2.057400000000000162e+01
8.828400000000000603e+01
3.522160000000000082e+02
1.871779999999999973e+02
1.835240000000000009e+02
6.202400000000000091e+01
5.161644400000000132e+02
2.573999999999999844e+00
8.828400000000000603e+01
2.742160000000000082e+02
2.201779999999999973e+02
1.665240000000000009e+02
9.702400000000000091e+01
4.863244399999999814e+02
5.740000000000000657e-01
7.528400000000000603e+01
1.722160000000000082e+02
2.831779999999999973e+02
1.495240000000000009e+02
1.860240000000000009e+02
4.722344400000000064e+02
-2.426000000000000156e+00
6.128399999999999892e+01
1.092159999999999940e+02
3.131779999999999973e+02
1.375240000000000009e+02
2.300240000000000009e+02
4.788334399999999960e+02
-4.259999999999999343e-01
5.728399999999999892e+01
8.021599999999999397e+01
3.311779999999999973e+02
1.195240000000000009e+02
2.500240000000000009e+02
4.884494399999999814e+02
-2.426000000000000156e+00
6.528400000000000603e+01
7.621599999999999397e+01
3.941779999999999973e+02
1.125240000000000009e+02
2.800240000000000009e+02
5.574984399999999596e+02
3.573999999999999844e+00
8.228400000000000603e+01
1.022159999999999940e+02
4.401779999999999973e+02
1.205240000000000009e+02
2.940240000000000009e+02
6.175254399999998896e+02
-1.425999999999999934e+00
7.728400000000000603e+01
1.162159999999999940e+02
3.971779999999999973e+02
1.255240000000000009e+02
2.710240000000000009e+02
5.811434399999999414e+02
1.574000000000000066e+00
8.828400000000000603e+01
1.472160000000000082e+02
3.661779999999999973e+02
1.275240000000000009e+02
2.280240000000000009e+02
5.697724399999999605e+02
2.857400000000000162e+01
1.082840000000000060e+02
2.722160000000000082e+02
2.901779999999999973e+02
1.595240000000000009e+02
1.310240000000000009e+02
5.901994399999999814e+02
6.157399999999999807e+01
1.072840000000000060e+02
3.552160000000000082e+02
2.361779999999999973e+02
1.695240000000000009e+02
7.802400000000000091e+01
5.885334399999999277e+02
7.757399999999999807e+01
1.002840000000000060e+02
4.022160000000000082e+02
1.931779999999999973e+02
1.605240000000000009e+02
3.202400000000000091e+01
5.799794399999999541e+02
5.357399999999999807e+01
8.428400000000000603e+01
4.062160000000000082e+02
1.671779999999999973e+02
1.685240000000000009e+02
2.402400000000000091e+01
5.453164399999999432e+02
4.857399999999999807e+01
8.328400000000000603e+01
4.002160000000000082e+02
1.721779999999999973e+02
1.745240000000000009e+02
4.002400000000000091e+01
5.495114399999999932e+02
4.257399999999999807e+01
9.028400000000000603e+01
3.742160000000000082e+02
1.811779999999999973e+02
1.815240000000000009e+02
5.302400000000000091e+01
5.290234399999999368e+02
4.057399999999999807e+01
7.828400000000000603e+01
3.782160000000000082e+02
1.501779999999999973e+02
1.745240000000000009e+02
2.602400000000000091e+01
4.873814399999999978e+02
1.957400000000000162e+01
6.728400000000000603e+01
3.782160000000000082e+02
1.131779999999999973e+02
1.785240000000000009e+02
1.502400000000000091e+01
4.499274399999999901e+02
2.057400000000000162e+01
6.428400000000000603e+01
4.002160000000000082e+02
1.031779999999999973e+02
1.875240000000000009e+02
1.102400000000000091e+01
4.590124400000000264e+02
3.957399999999999807e+01
7.128400000000000603e+01
4.322160000000000082e+02
1.061779999999999973e+02
1.995240000000000009e+02
1.502400000000000091e+01
5.075454399999999850e+02
2.857400000000000162e+01
6.728400000000000603e+01
4.112160000000000082e+02
1.041779999999999973e+02
1.935240000000000009e+02
1.702400000000000091e+01
4.733774399999999787e+02
1.257399999999999984e+01
6.328399999999999892e+01
3.682160000000000082e+02
8.117799999999999727e+01
1.795240000000000009e+02
6.024000000000000021e+00
3.963924400000000219e+02
3.573999999999999844e+00
6.528400000000000603e+01
3.202160000000000082e+02
9.717799999999999727e+01
1.765240000000000009e+02
2.002400000000000091e+01
3.695404399999999896e+02
7.573999999999999844e+00
6.828400000000000603e+01
2.652160000000000082e+02
1.211779999999999973e+02
1.635240000000000009e+02
3.702400000000000091e+01
3.379474400000000287e+02
5.740000000000000657e-01
6.928400000000000603e+01
2.312160000000000082e+02
1.391779999999999973e+02
1.525240000000000009e+02
5.202400000000000091e+01
3.408664400000000114e+02
-4.259999999999999343e-01
6.228399999999999892e+01
1.682160000000000082e+02
1.591779999999999973e+02
1.395240000000000009e+02
7.402400000000000091e+01
3.120684400000000096e+02
5.740000000000000657e-01
6.128399999999999892e+01
1.432160000000000082e+02
1.741779999999999973e+02
1.275240000000000009e+02
9.302400000000000091e+01
3.199334400000000187e+02
6.573999999999999844e+00
6.728400000000000603e+01
1.542160000000000082e+02
2.141779999999999973e+02
1.385240000000000009e+02
1.330240000000000009e+02
3.816064400000000205e+02
-2.426000000000000156e+00
7.528400000000000603e+01
1.512160000000000082e+02
2.311779999999999973e+02
1.345240000000000009e+02
1.390240000000000009e+02
4.102124400000000151e+02
-4.259999999999999343e-01
7.828400000000000603e+01
1.622160000000000082e+02
2.671779999999999973e+02
1.345240000000000009e+02
1.590240000000000009e+02
4.716664400000000228e+02
4.573999999999999844e+00
8.728400000000000603e+01
1.662160000000000082e+02
3.311779999999999973e+02
1.345240000000000009e+02
2.050240000000000009e+02
5.519274399999999332e+02
6.573999999999999844e+00
9.928400000000000603e+01
1.672160000000000082e+02
3.691779999999999973e+02
1.355240000000000009e+02
2.190240000000000009e+02
5.846434399999999414e+02
2.573999999999999844e+00
8.328400000000000603e+01
1.322160000000000082e+02
4.101779999999999973e+02
1.205240000000000009e+02
2.650240000000000009e+02
6.185324399999999514e+02
5.740000000000000657e-01
8.328400000000000603e+01
1.442160000000000082e+02
4.031779999999999973e+02
1.325240000000000009e+02
2.710240000000000009e+02
6.397464399999998932e+02
1.574000000000000066e+00
8.428400000000000603e+01
1.282160000000000082e+02
4.231779999999999973e+02
1.315240000000000009e+02
2.970240000000000009e+02
6.493094399999999951e+02
3.573999999999999844e+00
9.728400000000000603e+01
1.532160000000000082e+02
4.231779999999999973e+02
1.385240000000000009e+02
2.850240000000000009e+02
6.626094399999999496e+02
6.573999999999999844e+00
1.042840000000000060e+02
1.752160000000000082e+02
4.111779999999999973e+02
1.335240000000000009e+02
2.480240000000000009e+02
6.599194399999998950e+02
2.457400000000000162e+01
1.182840000000000060e+02
2.212160000000000082e+02
3.751779999999999973e+02
1.375240000000000009e+02
1.940240000000000009e+02
6.618764399999998886e+02
4.357399999999999807e+01
1.172840000000000060e+02
2.912160000000000082e+02
3.361779999999999973e+02
1.555240000000000009e+02
1.530240000000000009e+02
6.734224399999999378e+02
6.257399999999999807e+01
1.152840000000000060e+02
3.412160000000000082e+02
2.971779999999999973e+02
1.635240000000000009e+02
1.170240000000000009e+02
6.684304399999999760e+02
7.557399999999999807e+01
1.142840000000000060e+02
3.682160000000000082e+02
2.591779999999999973e+02
1.595240000000000009e+02
8.002400000000000091e+01
6.385104399999999032e+02
7.857399999999999807e+01
1.012840000000000060e+02
3.952160000000000082e+02
2.171779999999999973e+02
1.585240000000000009e+02
5.102400000000000091e+01
6.074004399999998896e+02
6.657399999999999807e+01
9.628400000000000603e+01
4.162160000000000082e+02
1.871779999999999973e+02
1.715240000000000009e+02
4.302400000000000091e+01
5.859184399999999187e+02
7.057399999999999807e+01
9.328400000000000603e+01
4.382160000000000082e+02
1.791779999999999973e+02
1.835240000000000009e+02
4.202400000000000091e+01
5.946334399999999505e+02
6.757399999999999807e+01
8.628400000000000603e+01
4.382160000000000082e+02
1.611779999999999973e+02
1.855240000000000009e+02
3.702400000000000091e+01
5.861474399999999605e+02
5.457399999999999807e+01
8.028400000000000603e+01
4.362160000000000082e+02
1.531779999999999973e+02
1.855240000000000009e+02
3.002400000000000091e+01
5.608684399999999641e+02
4.457399999999999807e+01
7.928400000000000603e+01
4.302160000000000082e+02
1.501779999999999973e+02
1.895240000000000009e+02
3.502400000000000091e+01
5.434294399999999996e+02
2.857400000000000162e+01
7.028400000000000603e+01
4.002160000000000082e+02
1.331779999999999973e+02
1.855240000000000009e+02
3.002400000000000091e+01
4.848434399999999869e+02
1.257399999999999984e+01
6.528400000000000603e+01
3.792160000000000082e+02
1.311779999999999973e+02
1.975240000000000009e+02
3.402400000000000091e+01
4.708454399999999964e+02
5.740000000000000657e-01
5.428399999999999892e+01
3.302160000000000082e+02
1.291779999999999973e+02
2.075240000000000009e+02
5.602400000000000091e+01
4.400434399999999755e+02
1.574000000000000066e+00
4.728399999999999892e+01
2.742160000000000082e+02
1.251779999999999973e+02
2.085240000000000009e+02
7.502400000000000091e+01
3.865084400000000073e+02
5.740000000000000657e-01
4.128399999999999892e+01
2.222160000000000082e+02
1.211779999999999973e+02
2.105240000000000009e+02
9.502400000000000091e+01
3.599424399999999764e+02
-3.426000000000000156e+00
3.028399999999999892e+01
1.802160000000000082e+02
1.101779999999999973e+02
2.045240000000000009e+02
1.070240000000000009e+02
3.325564400000000091e+02
-3.426000000000000156e+00
3.028399999999999892e+01
1.462160000000000082e+02
1.111779999999999973e+02
1.995240000000000009e+02
1.280240000000000009e+02
3.209794400000000110e+02
2.573999999999999844e+00
3.528399999999999892e+01
1.302160000000000082e+02
1.271779999999999973e+02
1.985240000000000009e+02
1.510240000000000009e+02
3.345354399999999941e+02
5.740000000000000657e-01
3.528399999999999892e+01
1.112159999999999940e+02
1.501779999999999973e+02
1.955240000000000009e+02
1.890240000000000009e+02
3.682334400000000301e+02
-1.425999999999999934e+00
3.528399999999999892e+01
1.052159999999999940e+02
1.711779999999999973e+02
1.915240000000000009e+02
2.230240000000000009e+02
4.150984399999999823e+02
-4.259999999999999343e-01
3.528399999999999892e+01
9.821599999999999397e+01
1.991779999999999973e+02
1.905240000000000009e+02
2.630240000000000009e+02
4.577964400000000182e+02
1.574000000000000066e+00
4.328399999999999892e+01
9.421599999999999397e+01
2.371779999999999973e+02
1.955240000000000009e+02
3.150240000000000009e+02
5.122184399999999869e+02
-1.425999999999999934e+00
4.328399999999999892e+01
7.921599999999999397e+01
2.781779999999999973e+02
1.795240000000000009e+02
3.400240000000000009e+02
5.499104399999999941e+02
-2.426000000000000156e+00
5.128399999999999892e+01
7.421599999999999397e+01
3.121779999999999973e+02
1.625240000000000009e+02
3.370240000000000009e+02
5.567634399999999459e+02
-4.259999999999999343e-01
6.528400000000000603e+01
8.021599999999999397e+01
3.521779999999999973e+02
1.415240000000000009e+02
3.060240000000000009e+02
5.569864399999999023e+02
2.573999999999999844e+00
9.328400000000000603e+01
1.432160000000000082e+02
3.541779999999999973e+02
1.395240000000000009e+02
2.350240000000000009e+02
5.602734399999999368e+02
1.357399999999999984e+01
1.182840000000000060e+02
2.122160000000000082e+02
3.301779999999999973e+02
1.435240000000000009e+02
1.620240000000000009e+02
5.835754399999999578e+02
5.257399999999999807e+01
1.262840000000000060e+02
2.922160000000000082e+02
2.731779999999999973e+02
1.365240000000000009e+02
8.502400000000000091e+01
5.783384399999999914e+02
8.057399999999999807e+01
1.302839999999999918e+02
3.082160000000000082e+02
2.201779999999999973e+02
1.175240000000000009e+02
3.702400000000000091e+01
5.258394399999999678e+02
1.115739999999999981e+02
1.332839999999999918e+02
3.082160000000000082e+02
1.891779999999999973e+02
1.005240000000000009e+02
1.002400000000000091e+01
4.972274400000000014e+02
1.375740000000000123e+02
1.312839999999999918e+02
3.512160000000000082e+02
1.501779999999999973e+02
7.752400000000000091e+01
2.400000000000002132e-02
5.250074399999999741e+02
1.495740000000000123e+02
1.232840000000000060e+02
3.512160000000000082e+02
1.231779999999999973e+02
5.552400000000000091e+01
2.400000000000002132e-02
4.998734400000000164e+02
1.475740000000000123e+02
1.112840000000000060e+02
3.702160000000000082e+02
9.717799999999999727e+01
5.552400000000000091e+01
-9.759999999999999787e-01
4.728164400000000001e+02
1.325740000000000123e+02
1.052840000000000060e+02
3.842160000000000082e+02
8.317799999999999727e+01
6.752400000000000091e+01
4.024000000000000021e+00
4.430294400000000223e+02
1.225739999999999981e+02
9.428400000000000603e+01
4.052160000000000082e+02
7.417799999999999727e+01
7.652400000000000091e+01
2.400000000000002132e-02
4.558574399999999969e+02
9.557399999999999807e+01
7.928400000000000603e+01
4.202160000000000082e+02
6.817799999999999727e+01
8.152400000000000091e+01
-9.759999999999999787e-01
4.491244399999999928e+02
6.857399999999999807e+01
7.228400000000000603e+01
4.042160000000000082e+02
5.217799999999999727e+01
8.652400000000000091e+01
2.400000000000002132e-02
3.929964400000000069e+02
4.857399999999999807e+01
7.428400000000000603e+01
3.802160000000000082e+02
4.617799999999999727e+01
9.452400000000000091e+01
2.024000000000000021e+00
3.502664399999999887e+02
2.057400000000000162e+01
6.428400000000000603e+01
3.562160000000000082e+02
5.917799999999999727e+01
1.105240000000000009e+02
4.024000000000000021e+00
3.566774399999999901e+02
2.573999999999999844e+00
5.228399999999999892e+01
3.262160000000000082e+02
6.917799999999999727e+01
1.335240000000000009e+02
6.024000000000000021e+00
3.469354400000000282e+02
-4.259999999999999343e-01
4.328399999999999892e+01
2.962160000000000082e+02
6.817799999999999727e+01
1.625240000000000009e+02
1.002400000000000091e+01
3.352374399999999923e+02
-1.425999999999999934e+00
4.928399999999999892e+01
2.892160000000000082e+02
5.717799999999999727e+01
1.785240000000000009e+02
1.402400000000000091e+01
3.255514400000000137e+02
-1.425999999999999934e+00
4.128399999999999892e+01
2.892160000000000082e+02
4.617799999999999727e+01
1.765240000000000009e+02
1.002400000000000091e+01
3.211394399999999791e+02
-3.426000000000000156e+00
3.328399999999999892e+01
2.652160000000000082e+02
4.717799999999999727e+01
1.995240000000000009e+02
2.002400000000000091e+01
3.274634399999999914e+02
-5.426000000000000156e+00
3.028399999999999892e+01
2.392160000000000082e+02
4.517799999999999727e+01
2.035240000000000009e+02
2.202400000000000091e+01
3.118674399999999878e+02
3.573999999999999844e+00
3.428399999999999892e+01
2.352160000000000082e+02
5.617799999999999727e+01
2.205240000000000009e+02
4.802400000000000091e+01
3.299754399999999919e+02
-3.426000000000000156e+00
3.128399999999999892e+01
2.132160000000000082e+02
6.317799999999999727e+01
2.385240000000000009e+02
7.002400000000000091e+01
3.532494399999999928e+02
5.740000000000000657e-01
3.128399999999999892e+01
2.062160000000000082e+02
6.317799999999999727e+01
2.415240000000000009e+02
7.902400000000000091e+01
3.565064399999999978e+02
-4.259999999999999343e-01
2.728399999999999892e+01
1.882160000000000082e+02
6.917799999999999727e+01
2.555240000000000009e+02
1.120240000000000009e+02
3.731434399999999982e+02
3.573999999999999844e+00
3.428399999999999892e+01
1.842160000000000082e+02
7.517799999999999727e+01
2.575240000000000009e+02
1.230240000000000009e+02
3.732974399999999946e+02
-3.426000000000000156e+00
2.928399999999999892e+01
1.772160000000000082e+02
8.217799999999999727e+01
2.585240000000000009e+02
1.460240000000000009e+02
3.926374400000000264e+02
-3.426000000000000156e+00
2.728399999999999892e+01
1.552160000000000082e+02
8.417799999999999727e+01
2.595240000000000009e+02
1.720240000000000009e+02
4.067104400000000055e+02
5.740000000000000657e-01
2.628399999999999892e+01
1.472160000000000082e+02
9.617799999999999727e+01
2.515240000000000009e+02
1.880240000000000009e+02
4.144964400000000069e+02
4.573999999999999844e+00
3.728399999999999892e+01
1.362160000000000082e+02
1.231779999999999973e+02
2.375240000000000009e+02
2.200240000000000009e+02
4.196514399999999796e+02
-1.425999999999999934e+00
3.528399999999999892e+01
1.102159999999999940e+02
1.321779999999999973e+02
2.165240000000000009e+02
2.320240000000000009e+02
4.147084399999999960e+02
5.740000000000000657e-01
3.228399999999999892e+01
9.621599999999999397e+01
1.551779999999999973e+02
2.095240000000000009e+02
2.560240000000000009e+02
4.440234399999999937e+02
-2.426000000000000156e+00
4.328399999999999892e+01
1.022159999999999940e+02
1.891779999999999973e+02
2.025240000000000009e+02
2.900240000000000009e+02
4.936444399999999746e+02
2.573999999999999844e+00
4.328399999999999892e+01
9.721599999999999397e+01
2.231779999999999973e+02
1.995240000000000009e+02
3.230240000000000009e+02
5.239744399999999587e+02
-2.426000000000000156e+00
4.228399999999999892e+01
7.321599999999999397e+01
2.351779999999999973e+02
1.825240000000000009e+02
3.400240000000000009e+02
5.235394400000000132e+02
-4.426000000000000156e+00
4.328399999999999892e+01
7.121599999999999397e+01
2.521779999999999973e+02
1.695240000000000009e+02
3.390240000000000009e+02
5.325724399999999150e+02
-4.259999999999999343e-01
5.128399999999999892e+01
7.921599999999999397e+01
2.731779999999999973e+02
1.615240000000000009e+02
3.330240000000000009e+02
5.371684399999999187e+02
5.740000000000000657e-01
6.128399999999999892e+01
9.621599999999999397e+01
2.901779999999999973e+02
1.635240000000000009e+02
3.180240000000000009e+02
5.411464399999999841e+02
-1.425999999999999934e+00
5.928399999999999892e+01
1.002159999999999940e+02
2.941779999999999973e+02
1.525240000000000009e+02
3.010240000000000009e+02
5.475584399999999050e+02
-3.426000000000000156e+00
6.228399999999999892e+01
9.821599999999999397e+01
3.101779999999999973e+02
1.455240000000000009e+02
3.010240000000000009e+02
5.550144399999999223e+02
5.740000000000000657e-01
6.628400000000000603e+01
1.062159999999999940e+02
3.351779999999999973e+02
1.425240000000000009e+02
3.050240000000000009e+02
5.784424399999999196e+02
5.573999999999999844e+00
8.428400000000000603e+01
1.302160000000000082e+02
3.601779999999999973e+02
1.375240000000000009e+02
2.840240000000000009e+02
5.901864399999999478e+02
-4.259999999999999343e-01
1.022840000000000060e+02
1.662160000000000082e+02
3.381779999999999973e+02
1.295240000000000009e+02
2.190240000000000009e+02
5.694094399999999041e+02
8.573999999999999844e+00
1.072840000000000060e+02
1.912160000000000082e+02
3.201779999999999973e+02
1.265240000000000009e+02
1.730240000000000009e+02
5.582064399999999296e+02
2.457400000000000162e+01
1.152840000000000060e+02
2.142160000000000082e+02
3.081779999999999973e+02
1.225240000000000009e+02
1.460240000000000009e+02
5.499054399999999987e+02
3.057400000000000162e+01
1.222840000000000060e+02
2.182160000000000082e+02
3.041779999999999973e+02
1.195240000000000009e+02
1.280240000000000009e+02
5.387064399999999296e+02
3.857399999999999807e+01
1.232840000000000060e+02
2.272160000000000082e+02
3.041779999999999973e+02
1.105240000000000009e+02
1.120240000000000009e+02
5.456344399999999268e+02
5.257399999999999807e+01
1.282839999999999918e+02
2.442160000000000082e+02
2.911779999999999973e+02
1.055240000000000009e+02
9.002400000000000091e+01
5.563364399999999250e+02
6.557399999999999807e+01
1.292839999999999918e+02
2.702160000000000082e+02
2.911779999999999973e+02
1.065240000000000009e+02
8.502400000000000091e+01
5.702584399999999505e+02
7.757399999999999807e+01
1.352839999999999918e+02
2.862160000000000082e+02
2.711779999999999973e+02
1.045240000000000009e+02
7.102400000000000091e+01
5.709364399999999478e+02
8.357399999999999807e+01
1.302839999999999918e+02
2.912160000000000082e+02
2.671779999999999973e+02
1.025240000000000009e+02
6.202400000000000091e+01
5.716224399999999832e+02
8.857399999999999807e+01
1.312839999999999918e+02
3.042160000000000082e+02
2.631779999999999973e+02
1.005240000000000009e+02
5.502400000000000091e+01
5.913574399999999969e+02
1.015739999999999981e+02
1.362839999999999918e+02
3.142160000000000082e+02
2.781779999999999973e+02
1.075240000000000009e+02
6.402400000000000091e+01
6.055354399999999941e+02
1.025739999999999981e+02
1.372839999999999918e+02
3.122160000000000082e+02
2.691779999999999973e+02
1.015240000000000009e+02
5.402400000000000091e+01
5.912744399999999132e+02
1.075739999999999981e+02
1.312839999999999918e+02
3.162160000000000082e+02
2.441779999999999973e+02
9.852400000000000091e+01
4.002400000000000091e+01
5.740644399999999905e+02
1.145739999999999981e+02
1.232840000000000060e+02
3.352160000000000082e+02
1.991779999999999973e+02
9.352400000000000091e+01
1.602400000000000091e+01
5.414884399999999687e+02
1.255739999999999981e+02
1.172840000000000060e+02
3.642160000000000082e+02
1.781779999999999973e+02
9.652400000000000091e+01
8.024000000000000909e+00
5.387094399999999723e+02
1.345740000000000123e+02
1.182840000000000060e+02
3.752160000000000082e+02
1.731779999999999973e+02
9.452400000000000091e+01
6.024000000000000021e+00
5.527784399999999323e+02
1.355740000000000123e+02
1.182840000000000060e+02
3.962160000000000082e+02
1.901779999999999973e+02
9.852400000000000091e+01
1.002400000000000091e+01
5.990174399999999650e+02
1.405740000000000123e+02
1.122840000000000060e+02
4.252160000000000082e+02
1.661779999999999973e+02
1.025240000000000009e+02
3.024000000000000021e+00
5.963784399999999550e+02
1.305740000000000123e+02
9.828400000000000603e+01
4.252160000000000082e+02
1.271779999999999973e+02
1.025240000000000009e+02
2.024000000000000021e+00
5.239934399999999641e+02
1.185739999999999981e+02
9.328400000000000603e+01
4.172160000000000082e+02
1.041779999999999973e+02
9.552400000000000091e+01
2.400000000000002132e-02
4.839464399999999955e+02
1.045739999999999981e+02
8.728400000000000603e+01
3.952160000000000082e+02
9.817799999999999727e+01
9.052400000000000091e+01
-2.975999999999999979e+00
4.619024400000000128e+02
1.015739999999999981e+02
8.828400000000000603e+01
4.032160000000000082e+02
9.017799999999999727e+01
9.152400000000000091e+01
-1.975999999999999979e+00
4.556964399999999955e+02
1.005739999999999981e+02
8.328400000000000603e+01
4.192160000000000082e+02
8.917799999999999727e+01
1.045240000000000009e+02
4.024000000000000021e+00
4.527934399999999755e+02
8.157399999999999807e+01
7.528400000000000603e+01
3.992160000000000082e+02
8.017799999999999727e+01
9.852400000000000091e+01
2.400000000000002132e-02
4.262834399999999846e+02
6.157399999999999807e+01
7.528400000000000603e+01
3.772160000000000082e+02
7.017799999999999727e+01
9.852400000000000091e+01
-1.975999999999999979e+00
3.904724400000000060e+02
5.857399999999999807e+01
7.528400000000000603e+01
3.772160000000000082e+02
7.617799999999999727e+01
1.035240000000000009e+02
-9.759999999999999787e-01
3.953354400000000055e+02
5.257399999999999807e+01
7.828400000000000603e+01
3.822160000000000082e+02
7.717799999999999727e+01
1.155240000000000009e+02
4.024000000000000021e+00
4.034784399999999778e+02
3.457399999999999807e+01
7.128400000000000603e+01
3.722160000000000082e+02
8.717799999999999727e+01
1.345240000000000009e+02
8.024000000000000909e+00
4.103264399999999910e+02
1.657400000000000162e+01
6.328399999999999892e+01
3.602160000000000082e+02
8.517799999999999727e+01
1.415240000000000009e+02
1.002400000000000091e+01
3.957774400000000128e+02
5.740000000000000657e-01
5.528399999999999892e+01
3.272160000000000082e+02
7.817799999999999727e+01
1.515240000000000009e+02
1.302400000000000091e+01
3.597244400000000155e+02
3.573999999999999844e+00
5.628399999999999892e+01
3.322160000000000082e+02
8.317799999999999727e+01
1.635240000000000009e+02
2.402400000000000091e+01
3.723044399999999996e+02
5.740000000000000657e-01
4.928399999999999892e+01
3.182160000000000082e+02
7.817799999999999727e+01
1.765240000000000009e+02
2.902400000000000091e+01
3.702324399999999969e+02
-2.426000000000000156e+00
4.328399999999999892e+01
2.902160000000000082e+02
6.617799999999999727e+01
1.835240000000000009e+02
2.902400000000000091e+01
3.480624399999999810e+02
-4.426000000000000156e+00
4.128399999999999892e+01
2.682160000000000082e+02
6.517799999999999727e+01
1.975240000000000009e+02
3.802400000000000091e+01
3.408804400000000214e+02
1.574000000000000066e+00
3.828399999999999892e+01
2.302160000000000082e+02
6.017799999999999727e+01
2.065240000000000009e+02
4.802400000000000091e+01
3.116674399999999991e+02
5.740000000000000657e-01
3.228399999999999892e+01
1.972160000000000082e+02
5.117799999999999727e+01
1.975240000000000009e+02
4.102400000000000091e+01
2.800014400000000023e+02
-5.426000000000000156e+00
2.928399999999999892e+01
1.802160000000000082e+02
5.417799999999999727e+01
2.075240000000000009e+02
5.602400000000000091e+01
2.846964399999999955e+02
-3.426000000000000156e+00
2.628399999999999892e+01
1.592160000000000082e+02
5.517799999999999727e+01
2.115240000000000009e+02
7.202400000000000091e+01
2.879484400000000051e+02
2.573999999999999844e+00
3.328399999999999892e+01
1.582160000000000082e+02
5.717799999999999727e+01
2.215240000000000009e+02
8.602400000000000091e+01
2.937234399999999823e+02
-1.425999999999999934e+00
3.028399999999999892e+01
1.452160000000000082e+02
6.017799999999999727e+01
2.215240000000000009e+02
1.000240000000000009e+02
3.037384400000000255e+02
-4.259999999999999343e-01
2.728399999999999892e+01
1.402160000000000082e+02
6.217799999999999727e+01
2.235240000000000009e+02
1.130240000000000009e+02
3.179054399999999987e+02
